Rank    1  0 | A29Q3  283 [1, 2, 9, 12, 3] 283
Rank    2  0 | A3J86  672 [1, 3, 11, 8, 6] 1344
Rank    3  0 | A4KQ3   58 [1, 4, 13, 12, 3] 174
Rank    4  0 | A53Q6   37 [1, 5, 3, 12, 6] 148
Rank    5  0 | A794K  242 [1, 7, 9, 4, 13] 1210
Rank    6  0 | A965Q  860 [1, 9, 6, 5, 12] 5160
Rank    7  0 | A9T27  100 [1, 9, 10, 2, 7] 700
Rank    8  0 | AT76K  945 [1, 10, 7, 6, 13] 7560
Rank    9  0 | AJ349  137 [1, 11, 3, 4, 9] 1233
Rank   10  0 | 2A498  534 [2, 1, 4, 9, 8] 5340
Rank   11  0 | 2AK3J  462 [2, 1, 13, 3, 11] 5082
Rank   12  0 | 234JK  383 [2, 3, 4, 11, 13] 4596
Rank   13  0 | 2583A    4 [2, 5, 8, 3, 1] 52
Rank   14  0 | 2637K  617 [2, 6, 3, 7, 13] 8638
Rank   15  0 | 27456  239 [2, 7, 4, 5, 6] 3585
Rank   16  0 | 28936  699 [2, 8, 9, 3, 6] 11184
Rank   17  0 | 29Q56  262 [2, 9, 12, 5, 6] 4454
Rank   18  0 | 29K63  400 [2, 9, 13, 6, 3] 7200
Rank   19  0 | 2T8J3  773 [2, 10, 8, 11, 3] 14687
Rank   20  0 | 2TK4J  588 [2, 10, 13, 4, 11] 11760
Rank   21  0 | 2J76Q  514 [2, 11, 7, 6, 12] 10794
Rank   22  0 | 2JKQ3  969 [2, 11, 13, 12, 3] 21318
Rank   23  0 | 2K364  921 [2, 13, 3, 6, 4] 21183
Rank   24  0 | 2K4T3  352 [2, 13, 4, 10, 3] 8448
Rank   25  0 | 2K687   60 [2, 13, 6, 8, 7] 1500
Rank   26  0 | 32K8T  610 [3, 2, 13, 8, 10] 15860
Rank   27  0 | 34Q59  167 [3, 4, 12, 5, 9] 4509
Rank   28  0 | 35K47  655 [3, 5, 13, 4, 7] 18340
Rank   29  0 | 3729A  191 [3, 7, 2, 9, 1] 5539
Rank   30  0 | 395T4  546 [3, 9, 5, 10, 4] 16380
Rank   31  0 | 3JATQ  576 [3, 11, 1, 10, 12] 17856
Rank   32  0 | 3K2TJ  848 [3, 13, 2, 10, 11] 27136
Rank   33  0 | 3K897  975 [3, 13, 8, 9, 7] 32175
Rank   34  0 | 3K97T  678 [3, 13, 9, 7, 10] 23052
Rank   35  0 | 4A5K9  136 [4, 1, 5, 13, 9] 4760
Rank   36  0 | 4AJ9T  774 [4, 1, 11, 9, 10] 27864
Rank   37  0 | 42AQ8  856 [4, 2, 1, 12, 8] 31672
Rank   38  0 | 4236J  197 [4, 2, 3, 6, 11] 7486
Rank   39  0 | 42738   27 [4, 2, 7, 3, 8] 1053
Rank   40  0 | 437Q5  445 [4, 3, 7, 12, 5] 17800
Rank   41  0 | 438TJ  899 [4, 3, 8, 10, 11] 36859
Rank   42  0 | 43J5K  295 [4, 3, 11, 5, 13] 12390
Rank   43  0 | 43Q89  211 [4, 3, 12, 8, 9] 9073
Rank   44  0 | 457T3  717 [4, 5, 7, 10, 3] 31548
Rank   45  0 | 46KJ7  642 [4, 6, 13, 11, 7] 28890
Rank   46  0 | 47AJQ  799 [4, 7, 1, 11, 12] 36754
Rank   47  0 | 47Q98  109 [4, 7, 12, 9, 8] 5123
Rank   48  0 | 47QKA  504 [4, 7, 12, 13, 1] 24192
Rank   49  0 | 493AK  970 [4, 9, 3, 1, 13] 47530
Rank   50  0 | 497Q2   21 [4, 9, 7, 12, 2] 1050
Rank   51  0 | 4TA87  818 [4, 10, 1, 8, 7] 41718
Rank   52  0 | 4T63J  895 [4, 10, 6, 3, 11] 46540
Rank   53  0 | 4TJ87  867 [4, 10, 11, 8, 7] 45951
Rank   54  0 | 4TK98  287 [4, 10, 13, 9, 8] 15498
Rank   55  0 | 4K7QJ  883 [4, 13, 7, 12, 11] 48565
Rank   56  0 | 4K9T6  162 [4, 13, 9, 10, 6] 9072
Rank   57  0 | 5A329  727 [5, 1, 3, 2, 9] 41439
Rank   58  0 | 5A72Q  593 [5, 1, 7, 2, 12] 34394
Rank   59  0 | 5A7JQ  212 [5, 1, 7, 11, 12] 12508
Rank   60  0 | 5AK72  407 [5, 1, 13, 7, 2] 24420
Rank   61  0 | 5AK79  169 [5, 1, 13, 7, 9] 10309
Rank   62  0 | 5329Q  104 [5, 3, 2, 9, 12] 6448
Rank   63  0 | 546K8  484 [5, 4, 6, 13, 8] 30492
Rank   64  0 | 567JQ  398 [5, 6, 7, 11, 12] 25472
Rank   65  0 | 5879T  335 [5, 8, 7, 9, 10] 21775
Rank   66  0 | 5964K  176 [5, 9, 6, 4, 13] 11616
Rank   67  0 | 596K8   23 [5, 9, 6, 13, 8] 1541
Rank   68  0 | 5T92Q   33 [5, 10, 9, 2, 12] 2244
Rank   69  0 | 5TQA2   64 [5, 10, 12, 1, 2] 4416
Rank   70  0 | 5K48A  976 [5, 13, 4, 8, 1] 68320
Rank   71  0 | 6AT7J  387 [6, 1, 10, 7, 11] 27477
Rank   72  0 | 63A9Q  720 [6, 3, 1, 9, 12] 51840
Rank   73  0 | 6372Q   56 [6, 3, 7, 2, 12] 4088
Rank   74  0 | 63J82  434 [6, 3, 11, 8, 2] 32116
Rank   75  0 | 648K7  938 [6, 4, 8, 13, 7] 70350
Rank   76  0 | 67KAJ  444 [6, 7, 13, 1, 11] 33744
Rank   77  0 | 68JT4  808 [6, 8, 11, 10, 4] 62216
Rank   78  0 | 693KT  670 [6, 9, 3, 13, 10] 52260
Rank   79  0 | 6TJ95  156 [6, 10, 11, 9, 5] 12324
Rank   80  0 | 6TJ98  568 [6, 10, 11, 9, 8] 45440
Rank   81  0 | 6J94T  791 [6, 11, 9, 4, 10] 64071
Rank   82  0 | 6JT42   46 [6, 11, 10, 4, 2] 3772
Rank   83  0 | 6QA7T  788 [6, 12, 1, 7, 10] 65404
Rank   84  0 | 7A9J2   98 [7, 1, 9, 11, 2] 8232
Rank   85  0 | 7ATQ4  794 [7, 1, 10, 12, 4] 67490
Rank   86  0 | 7AK3J  437 [7, 1, 13, 3, 11] 37582
Rank   87  0 | 72J65  146 [7, 2, 11, 6, 5] 12702
Rank   88  0 | 7365A  662 [7, 3, 6, 5, 1] 58256
Rank   89  0 | 73Q52  714 [7, 3, 12, 5, 2] 63546
Rank   90  0 | 74K25  552 [7, 4, 13, 2, 5] 49680
Rank   91  0 | 7534A  114 [7, 5, 3, 4, 1] 10374
Rank   92  0 | 78TQK  132 [7, 8, 10, 12, 13] 12144
Rank   93  0 | 79625  481 [7, 9, 6, 2, 5] 44733
Rank   94  0 | 79J3Q  418 [7, 9, 11, 3, 12] 39292
Rank   95  0 | 7T3JA  772 [7, 10, 3, 11, 1] 73340
Rank   96  0 | 7J8KT  496 [7, 11, 8, 13, 10] 47616
Rank   97  0 | 7K4J5  347 [7, 13, 4, 11, 5] 33659
Rank   98  0 | 7KQ35  158 [7, 13, 12, 3, 5] 15484
Rank   99  0 | 8249J  433 [8, 2, 4, 9, 11] 42867
Rank  100  0 | 827KT  163 [8, 2, 7, 13, 10] 16300
Rank  101  0 | 829J5  890 [8, 2, 9, 11, 5] 89890
Rank  102  0 | 85496  663 [8, 5, 4, 9, 6] 67626
Rank  103  0 | 85J7T  763 [8, 5, 11, 7, 10] 78589
Rank  104  0 | 8659J  845 [8, 6, 5, 9, 11] 87880
Rank  105  0 | 86K79  930 [8, 6, 13, 7, 9] 97650
Rank  106  0 | 893T7   13 [8, 9, 3, 10, 7] 1378
Rank  107  0 | 89643  362 [8, 9, 6, 4, 3] 38734
Rank  108  0 | 897A3  580 [8, 9, 7, 1, 3] 62640
Rank  109  0 | 8T5A4  624 [8, 10, 5, 1, 4] 68016
Rank  110  0 | 8TKAJ  255 [8, 10, 13, 1, 11] 28050
Rank  111  0 | 8J3A7  249 [8, 11, 3, 1, 7] 27639
Rank  112  0 | 8Q627  397 [8, 12, 6, 2, 7] 44464
Rank  113  0 | 8Q73J  204 [8, 12, 7, 3, 11] 23052
Rank  114  0 | 8QJA7  574 [8, 12, 11, 1, 7] 65436
Rank  115  0 | 8QKA6  473 [8, 12, 13, 1, 6] 54395
Rank  116  0 | 8KAT2   22 [8, 13, 1, 10, 2] 2552
Rank  117  0 | 8K539  769 [8, 13, 5, 3, 9] 89973
Rank  118  0 | 8KT4J  111 [8, 13, 10, 4, 11] 13098
Rank  119  0 | 9AT7J  787 [9, 1, 10, 7, 11] 93653
Rank  120  0 | 9AQ2J  702 [9, 1, 12, 2, 11] 84240
Rank  121  0 | 92A6J  322 [9, 2, 1, 6, 11] 38962
Rank  122  0 | 934K5  392 [9, 3, 4, 13, 5] 47824
Rank  123  0 | 93726  679 [9, 3, 7, 2, 6] 83517
Rank  124  0 | 97AQ5  326 [9, 7, 1, 12, 5] 40424
Rank  125  0 | 984T5  724 [9, 8, 4, 10, 5] 90500
Rank  126  0 | 98J2A  451 [9, 8, 11, 2, 1] 56826
Rank  127  0 | 98K34  246 [9, 8, 13, 3, 4] 31242
Rank  128  0 | 9T248  105 [9, 10, 2, 4, 8] 13440
Rank  129  0 | 9Q2KA  503 [9, 12, 2, 13, 1] 64887
Rank  130  0 | 9QT4K  752 [9, 12, 10, 4, 13] 97760
Rank  131  0 | 9K824  369 [9, 13, 8, 2, 4] 48339
Rank  132  0 | TA2JQ  115 [10, 1, 2, 11, 12] 15180
Rank  133  0 | T49QA  240 [10, 4, 9, 12, 1] 31920
Rank  134  0 | T5462  547 [10, 5, 4, 6, 2] 73298
Rank  135  0 | T57AJ  920 [10, 5, 7, 1, 11] 124200
Rank  136  0 | T92A8  509 [10, 9, 2, 1, 8] 69224
Rank  137  0 | TJKA6  951 [10, 11, 13, 1, 6] 130287
Rank  138  0 | JA759  631 [11, 1, 7, 5, 9] 87078
Rank  139  0 | JA87K  905 [11, 1, 8, 7, 13] 125795
Rank  140  0 | J25QT  852 [11, 2, 5, 12, 10] 119280
Rank  141  0 | J2T95  989 [11, 2, 10, 9, 5] 139449
Rank  142  0 | J37T6  180 [11, 3, 7, 10, 6] 25560
Rank  143  0 | J37KQ  513 [11, 3, 7, 13, 12] 73359
Rank  144  0 | J39KQ  933 [11, 3, 9, 13, 12] 134352
Rank  145  0 | J4275   71 [11, 4, 2, 7, 5] 10295
Rank  146  0 | J6AQ9  767 [11, 6, 1, 12, 9] 111982
Rank  147  0 | J6435   79 [11, 6, 4, 3, 5] 11613
Rank  148  0 | J6758  273 [11, 6, 7, 5, 8] 40404
Rank  149  0 | J679T   36 [11, 6, 7, 9, 10] 5364
Rank  150  0 | J73TQ  586 [11, 7, 3, 10, 12] 87900
Rank  151  0 | J7TQ4  172 [11, 7, 10, 12, 4] 25972
Rank  152  0 | JTQ6K  910 [11, 10, 12, 6, 13] 138320
Rank  153  0 | JTQ98   17 [11, 10, 12, 9, 8] 2601
Rank  154  0 | JQAKT  675 [11, 12, 1, 13, 10] 103950
Rank  155  0 | QA562  395 [12, 1, 5, 6, 2] 61225
Rank  156  0 | QAKJ3  701 [12, 1, 13, 11, 3] 109356
Rank  157  0 | Q2AT3  363 [12, 2, 1, 10, 3] 56991
Rank  158  0 | Q2984  833 [12, 2, 9, 8, 4] 131614
Rank  159  0 | Q2J8K  341 [12, 2, 11, 8, 13] 54219
Rank  160  0 | Q38KA  122 [12, 3, 8, 13, 1] 19520
Rank  161  0 | Q3962  929 [12, 3, 9, 6, 2] 149569
Rank  162  0 | Q4A8J  182 [12, 4, 1, 8, 11] 29484
Rank  163  0 | Q4528  811 [12, 4, 5, 2, 8] 132193
Rank  164  0 | Q4K6T   16 [12, 4, 13, 6, 10] 2624
Rank  165  0 | Q5T42   86 [12, 5, 10, 4, 2] 14190
Rank  166  0 | Q5JT6  839 [12, 5, 11, 10, 6] 139274
Rank  167  0 | Q6832  256 [12, 6, 8, 3, 2] 42752
Rank  168  0 | Q769K  290 [12, 7, 6, 9, 13] 48720
Rank  169  0 | QJ456  272 [12, 11, 4, 5, 6] 45968
Rank  170  0 | QJ785  489 [12, 11, 7, 8, 5] 83130
Rank  171  0 | QK25T  488 [12, 13, 2, 5, 10] 83448
Rank  172  0 | K3J28  957 [13, 3, 11, 2, 8] 164604
Rank  173  0 | K42A6  490 [13, 4, 2, 1, 6] 84770
Rank  174  0 | K437T  838 [13, 4, 3, 7, 10] 145812
Rank  175  0 | K5284  216 [13, 5, 2, 8, 4] 37800
Rank  176  0 | K64Q9  704 [13, 6, 4, 12, 9] 123904
Rank  177  0 | K7A2Q  777 [13, 7, 1, 2, 12] 137529
Rank  178  0 | K732Q  498 [13, 7, 3, 2, 12] 88644
Rank  179  0 | K7692  530 [13, 7, 6, 9, 2] 94870
Rank  180  0 | K8AT7  471 [13, 8, 1, 10, 7] 84780
Rank  181  0 | K8AQ4  155 [13, 8, 1, 12, 4] 28055
Rank  182  0 | K8TA4  858 [13, 8, 10, 1, 4] 156156
Rank  183  0 | K94A2  516 [13, 9, 4, 1, 2] 94428
Rank  184  0 | KT3J8  805 [13, 10, 3, 11, 8] 148120
Rank  185  0 | KQA3T  346 [13, 12, 1, 3, 10] 64010
Rank  186  0 | KQ2TA   74 [13, 12, 2, 10, 1] 13764
Rank  187  2 | AAJ4T    9 [1, 1, 11, 4, 10] 1683
Rank  188  2 | A2A7Q  382 [1, 2, 1, 7, 12] 71816
Rank  189  2 | A2QJJ  466 [1, 2, 12, 11, 11] 88074
Rank  190  2 | A38AJ  480 [1, 3, 8, 1, 11] 91200
Rank  191  2 | A3TJA  294 [1, 3, 10, 11, 1] 56154
Rank  192  2 | A3Q22   95 [1, 3, 12, 2, 2] 18240
Rank  193  2 | A4493  566 [1, 4, 4, 9, 3] 109238
Rank  194  2 | A4K5K  241 [1, 4, 13, 5, 13] 46754
Rank  195  2 | A5A98   50 [1, 5, 1, 9, 8] 9750
Rank  196  2 | A667T  218 [1, 6, 6, 7, 10] 42728
Rank  197  2 | A8979  228 [1, 8, 9, 7, 9] 44916
Rank  198  2 | A8Q68   85 [1, 8, 12, 6, 8] 16830
Rank  199  2 | A9JAQ  569 [1, 9, 11, 1, 12] 113231
Rank  200  2 | ATT6K  948 [1, 10, 10, 6, 13] 189600
Rank  201  2 | ATJQT  804 [1, 10, 11, 12, 10] 161604
Rank  202  2 | AJ69J  486 [1, 11, 6, 9, 11] 98172
Rank  203  2 | AJT5A  919 [1, 11, 10, 5, 1] 186557
Rank  204  2 | AJKAT  389 [1, 11, 13, 1, 10] 79356
Rank  205  2 | AK3QA  135 [1, 13, 3, 12, 1] 27675
Rank  206  2 | AK554  220 [1, 13, 5, 5, 4] 45320
Rank  207  2 | AK6K8  177 [1, 13, 6, 13, 8] 36639
Rank  208  2 | AKT5T  416 [1, 13, 10, 5, 10] 86528
Rank  209  2 | 2AA54  230 [2, 1, 1, 5, 4] 48070
Rank  210  2 | 2A287  199 [2, 1, 2, 8, 7] 41790
Rank  211  2 | 2A996  768 [2, 1, 9, 9, 6] 162048
Rank  212  2 | 2AKK6  898 [2, 1, 13, 13, 6] 190376
Rank  213  2 | 22A6J  637 [2, 2, 1, 6, 11] 135681
Rank  214  2 | 22AJQ   69 [2, 2, 1, 11, 12] 14766
Rank  215  2 | 223AK  113 [2, 2, 3, 1, 13] 24295
Rank  216  2 | 227J6  932 [2, 2, 7, 11, 6] 201312
Rank  217  2 | 22J47   15 [2, 2, 11, 4, 7] 3255
Rank  218  2 | 22J53  686 [2, 2, 11, 5, 3] 149548
Rank  219  2 | 23276   81 [2, 3, 2, 7, 6] 17739
Rank  220  2 | 24K62  750 [2, 4, 13, 6, 2] 165000
Rank  221  2 | 25927  233 [2, 5, 9, 2, 7] 51493
Rank  222  2 | 25KJ5  446 [2, 5, 13, 11, 5] 99012
Rank  223  2 | 26AAT  524 [2, 6, 1, 1, 10] 116852
Rank  224  2 | 27A42  688 [2, 7, 1, 4, 2] 154112
Rank  225  2 | 27JQJ  964 [2, 7, 11, 12, 11] 216900
Rank  226  2 | 28A77  143 [2, 8, 1, 7, 7] 32318
Rank  227  2 | 2886Q  934 [2, 8, 8, 6, 12] 212018
Rank  228  2 | 29K27  429 [2, 9, 13, 2, 7] 97812
Rank  229  2 | 2T248  187 [2, 10, 2, 4, 8] 42823
Rank  230  2 | 2T7TQ   28 [2, 10, 7, 10, 12] 6440
Rank  231  2 | 2T7TK  261 [2, 10, 7, 10, 13] 60291
Rank  232  2 | 2J464  734 [2, 11, 4, 6, 4] 170288
Rank  233  2 | 2J66A  996 [2, 11, 6, 6, 1] 232068
Rank  234  2 | 2J692  840 [2, 11, 6, 9, 2] 196560
Rank  235  2 | 2J7T2  373 [2, 11, 7, 10, 2] 87655
Rank  236  2 | 2Q287  762 [2, 12, 2, 8, 7] 179832
Rank  237  2 | 2K2Q8  121 [2, 13, 2, 12, 8] 28677
Rank  238  2 | 2K9KT  753 [2, 13, 9, 13, 10] 179214
Rank  239  2 | 2KKQA  947 [2, 13, 13, 12, 1] 226333
Rank  240  2 | 3AJ7J  716 [3, 1, 11, 7, 11] 171840
Rank  241  2 | 32TQ3  320 [3, 2, 10, 12, 3] 77120
Rank  242  2 | 335TK  118 [3, 3, 5, 10, 13] 28556
Rank  243  2 | 33958   70 [3, 3, 9, 5, 8] 17010
Rank  244  2 | 3395Q  668 [3, 3, 9, 5, 12] 162992
Rank  245  2 | 34T47  542 [3, 4, 10, 4, 7] 132790
Rank  246  2 | 34JJQ  432 [3, 4, 11, 11, 12] 106272
Rank  247  2 | 34KK2  551 [3, 4, 13, 13, 2] 136097
Rank  248  2 | 35AAT  814 [3, 5, 1, 1, 10] 201872
Rank  249  2 | 35989  430 [3, 5, 9, 8, 9] 107070
Rank  250  2 | 36J46  751 [3, 6, 11, 4, 6] 187750
Rank  251  2 | 37A7Q  264 [3, 7, 1, 7, 12] 66264
Rank  252  2 | 37565  478 [3, 7, 5, 6, 5] 120456
Rank  253  2 | 37TJ7  612 [3, 7, 10, 11, 7] 154836
Rank  254  2 | 37J32   44 [3, 7, 11, 3, 2] 11176
Rank  255  2 | 38847  640 [3, 8, 8, 4, 7] 163200
Rank  256  2 | 388JA  831 [3, 8, 8, 11, 1] 212736
Rank  257  2 | 39738  634 [3, 9, 7, 3, 8] 162938
Rank  258  2 | 399A8  927 [3, 9, 9, 1, 8] 239166
Rank  259  2 | 3T243  245 [3, 10, 2, 4, 3] 63455
Rank  260  2 | 3T8QQ  891 [3, 10, 8, 12, 12] 231660
Rank  261  2 | 3TK44  443 [3, 10, 13, 4, 4] 115623
Rank  262  2 | 3J9T9  354 [3, 11, 9, 10, 9] 92748
Rank  263  2 | 3JJA6  583 [3, 11, 11, 1, 6] 153329
Rank  264  2 | 3JQ8J  893 [3, 11, 12, 8, 11] 235752
Rank  265  2 | 3K357  168 [3, 13, 3, 5, 7] 44520
Rank  266  2 | 3KTJ3  251 [3, 13, 10, 11, 3] 66766
Rank  267  2 | 4A4T6  600 [4, 1, 4, 10, 6] 160200
Rank  268  2 | 4377J  998 [4, 3, 7, 7, 11] 267464
Rank  269  2 | 43J74  299 [4, 3, 11, 7, 4] 80431
Rank  270  2 | 446QK  304 [4, 4, 6, 12, 13] 82080
Rank  271  2 | 44K6A   52 [4, 4, 13, 6, 1] 14092
Rank  272  2 | 457J4  324 [4, 5, 7, 11, 4] 88128
Rank  273  2 | 45Q4J  875 [4, 5, 12, 4, 11] 238875
Rank  274  2 | 46A4Q  711 [4, 6, 1, 4, 12] 194814
Rank  275  2 | 46Q63  953 [4, 6, 12, 6, 3] 262075
Rank  276  2 | 46KJ4  815 [4, 6, 13, 11, 4] 224940
Rank  277  2 | 47363  692 [4, 7, 3, 6, 3] 191684
Rank  278  2 | 47624  206 [4, 7, 6, 2, 4] 57268
Rank  279  2 | 47T37  745 [4, 7, 10, 3, 7] 207855
Rank  280  2 | 48385  625 [4, 8, 3, 8, 5] 175000
Rank  281  2 | 48J8A  966 [4, 8, 11, 8, 1] 271446
Rank  282  2 | 49T89  190 [4, 9, 10, 8, 9] 53580
Rank  283  2 | 49J9Q  159 [4, 9, 11, 9, 12] 44997
Rank  284  2 | 4TTKJ  421 [4, 10, 10, 13, 11] 119564
Rank  285  2 | 4J959  795 [4, 11, 9, 5, 9] 226575
Rank  286  2 | 4Q942  396 [4, 12, 9, 4, 2] 113256
Rank  287  2 | 4K6QK  258 [4, 13, 6, 12, 13] 74046
Rank  288  2 | 4KKQT  894 [4, 13, 13, 12, 10] 257472
Rank  289  2 | 52284   67 [5, 2, 2, 8, 4] 19363
Rank  290  2 | 522TQ  991 [5, 2, 2, 10, 12] 287390
Rank  291  2 | 52395  428 [5, 2, 3, 9, 5] 124548
Rank  292  2 | 536T5   80 [5, 3, 6, 10, 5] 23360
Rank  293  2 | 53J73  749 [5, 3, 11, 7, 3] 219457
Rank  294  2 | 542A2  376 [5, 4, 2, 1, 2] 110544
Rank  295  2 | 5572Q  827 [5, 5, 7, 2, 12] 243965
Rank  296  2 | 58459  954 [5, 8, 4, 5, 9] 282384
Rank  297  2 | 5856J  460 [5, 8, 5, 6, 11] 136620
Rank  298  2 | 5886J    8 [5, 8, 8, 6, 11] 2384
Rank  299  2 | 58T5K  388 [5, 8, 10, 5, 13] 116012
Rank  300  2 | 58TT2  936 [5, 8, 10, 10, 2] 280800
Rank  301  2 | 5T598   24 [5, 10, 5, 9, 8] 7224
Rank  302  2 | 5TTA6  367 [5, 10, 10, 1, 6] 110834
Rank  303  2 | 5JAQA  394 [5, 11, 1, 12, 1] 119382
Rank  304  2 | 5J572  757 [5, 11, 5, 7, 2] 230128
Rank  305  2 | 5Q338  573 [5, 12, 3, 3, 8] 174765
Rank  306  2 | 5K586  904 [5, 13, 5, 8, 6] 276624
Rank  307  2 | 5KJTT  523 [5, 13, 11, 10, 10] 160561
Rank  308  2 | 6AA58  500 [6, 1, 1, 5, 8] 154000
Rank  309  2 | 6AAKT  719 [6, 1, 1, 13, 10] 222171
Rank  310  2 | 6A7A4  368 [6, 1, 7, 1, 4] 114080
Rank  311  2 | 63J76  665 [6, 3, 11, 7, 6] 206815
Rank  312  2 | 63JK3  210 [6, 3, 11, 13, 3] 65520
Rank  313  2 | 6445J  340 [6, 4, 4, 5, 11] 106420
Rank  314  2 | 64885  792 [6, 4, 8, 8, 5] 248688
Rank  315  2 | 65KA6  935 [6, 5, 13, 1, 6] 294525
Rank  316  2 | 6682J  706 [6, 6, 8, 2, 11] 223096
Rank  317  2 | 66KAJ  888 [6, 6, 13, 1, 11] 281496
Rank  318  2 | 6779Q  658 [6, 7, 7, 9, 12] 209244
Rank  319  2 | 67J27  119 [6, 7, 11, 2, 7] 37961
Rank  320  2 | 6J6A9  958 [6, 11, 6, 1, 9] 306560
Rank  321  2 | 6J638  415 [6, 11, 6, 3, 8] 133215
Rank  322  2 | 6J88T  939 [6, 11, 8, 8, 10] 302358
Rank  323  2 | 6Q55J  627 [6, 12, 5, 5, 11] 202521
Rank  324  2 | 6K588  697 [6, 13, 5, 8, 8] 225828
Rank  325  2 | 6K62A  611 [6, 13, 6, 2, 1] 198575
Rank  326  2 | 72393  968 [7, 2, 3, 9, 3] 315568
Rank  327  2 | 7278J  332 [7, 2, 7, 8, 11] 108564
Rank  328  2 | 72KT7  128 [7, 2, 13, 10, 7] 41984
Rank  329  2 | 73KJ7  740 [7, 3, 13, 11, 7] 243460
Rank  330  2 | 74572  151 [7, 4, 5, 7, 2] 49830
Rank  331  2 | 74842  584 [7, 4, 8, 4, 2] 193304
Rank  332  2 | 7588J  170 [7, 5, 8, 8, 11] 56440
Rank  333  2 | 765QQ  608 [7, 6, 5, 12, 12] 202464
Rank  334  2 | 776KQ  694 [7, 7, 6, 13, 12] 231796
Rank  335  2 | 78J75  253 [7, 8, 11, 7, 5] 84755
Rank  336  2 | 79J57  822 [7, 9, 11, 5, 7] 276192
Rank  337  2 | 79J96  598 [7, 9, 11, 9, 6] 201526
Rank  338  2 | 7T585  657 [7, 10, 5, 8, 5] 222066
Rank  339  2 | 7J867  556 [7, 11, 8, 6, 7] 188484
Rank  340  2 | 7J879  911 [7, 11, 8, 7, 9] 309740
Rank  341  2 | 7J972  138 [7, 11, 9, 7, 2] 47058
Rank  342  2 | 7K6JJ  343 [7, 13, 6, 11, 11] 117306
Rank  343  2 | 82AJA  215 [8, 2, 1, 11, 1] 73745
Rank  344  2 | 8337T  826 [8, 3, 3, 7, 10] 284144
Rank  345  2 | 83439  870 [8, 3, 4, 3, 9] 300150
Rank  346  2 | 838J4  535 [8, 3, 8, 11, 4] 185110
Rank  347  2 | 84A82  511 [8, 4, 1, 8, 2] 177317
Rank  348  2 | 85475  622 [8, 5, 4, 7, 5] 216456
Rank  349  2 | 85QAA  900 [8, 5, 12, 1, 1] 314100
Rank  350  2 | 85K48  812 [8, 5, 13, 4, 8] 284200
Rank  351  2 | 86Q36  477 [8, 6, 12, 3, 6] 167427
Rank  352  2 | 87Q84   51 [8, 7, 12, 8, 4] 17952
Rank  353  2 | 886J4  855 [8, 8, 6, 11, 4] 301815
Rank  354  2 | 88KT7  942 [8, 8, 13, 10, 7] 333468
Rank  355  2 | 89665  358 [8, 9, 6, 6, 5] 127090
Rank  356  2 | 89842  339 [8, 9, 8, 4, 2] 120684
Rank  357  2 | 89Q9K  127 [8, 9, 12, 9, 13] 45339
Rank  358  2 | 8TK68  851 [8, 10, 13, 6, 8] 304658
Rank  359  2 | 8JAJ6  960 [8, 11, 1, 11, 6] 344640
Rank  360  2 | 8J5JA  298 [8, 11, 5, 11, 1] 107280
Rank  361  2 | 8JTT2   26 [8, 11, 10, 10, 2] 9386
Rank  362  2 | 8JJ36  988 [8, 11, 11, 3, 6] 357656
Rank  363  2 | 8JJ72  254 [8, 11, 11, 7, 2] 92202
Rank  364  2 | 927J2  532 [9, 2, 7, 11, 2] 193648
Rank  365  2 | 93J49  544 [9, 3, 11, 4, 9] 198560
Rank  366  2 | 93K35  413 [9, 3, 13, 3, 5] 151158
Rank  367  2 | 9597T  474 [9, 5, 9, 7, 10] 173958
Rank  368  2 | 97656  683 [9, 7, 6, 5, 6] 251344
Rank  369  2 | 98242  411 [9, 8, 2, 4, 2] 151659
Rank  370  2 | 9T4TJ   32 [9, 10, 4, 10, 11] 11840
Rank  371  2 | 9JA4A  140 [9, 11, 1, 4, 1] 51940
Rank  372  2 | 9J443  884 [9, 11, 4, 4, 3] 328848
Rank  373  2 | 9J5AA  722 [9, 11, 5, 1, 1] 269306
Rank  374  2 | 9J7JQ  461 [9, 11, 7, 11, 12] 172414
Rank  375  2 | 9QK59  179 [9, 12, 13, 5, 9] 67125
Rank  376  2 | 9K6K4  331 [9, 13, 6, 13, 4] 124456
Rank  377  2 | TAQQ6  730 [10, 1, 12, 12, 6] 275210
Rank  378  2 | T287T  381 [10, 2, 8, 7, 10] 144018
Rank  379  2 | T2932  244 [10, 2, 9, 3, 2] 92476
Rank  380  2 | T353Q  342 [10, 3, 5, 3, 12] 129960
Rank  381  2 | T3Q63  356 [10, 3, 12, 6, 3] 135636
Rank  382  2 | T3QQ4  327 [10, 3, 12, 12, 4] 124914
Rank  383  2 | T3K55  165 [10, 3, 13, 5, 5] 63195
Rank  384  2 | T44JK  457 [10, 4, 4, 11, 13] 175488
Rank  385  2 | T455J  487 [10, 4, 5, 5, 11] 187495
Rank  386  2 | T46Q4   18 [10, 4, 6, 12, 4] 6948
Rank  387  2 | T5A57  174 [10, 5, 1, 5, 7] 67338
Rank  388  2 | T6A4A  171 [10, 6, 1, 4, 1] 66348
Rank  389  2 | T6554  647 [10, 6, 5, 5, 4] 251683
Rank  390  2 | T7Q7J  859 [10, 7, 12, 7, 11] 335010
Rank  391  2 | T7QT3  562 [10, 7, 12, 10, 3] 219742
Rank  392  2 | T8Q66  377 [10, 8, 12, 6, 6] 147784
Rank  393  2 | T959K  328 [10, 9, 5, 9, 13] 128904
Rank  394  2 | TJ838  829 [10, 11, 8, 3, 8] 326626
Rank  395  2 | TQ62T   55 [10, 12, 6, 2, 10] 21725
Rank  396  2 | TQQ56  303 [10, 12, 12, 5, 6] 119988
Rank  397  2 | TKK4J    5 [10, 13, 13, 4, 11] 1985
Rank  398  2 | JA993  987 [11, 1, 9, 9, 3] 392826
Rank  399  2 | J44Q2  300 [11, 4, 4, 12, 2] 119700
Rank  400  2 | J4J7Q  782 [11, 4, 11, 7, 12] 312800
Rank  401  2 | J5299  292 [11, 5, 2, 9, 9] 117092
Rank  402  2 | J55K3  712 [11, 5, 5, 13, 3] 286224
Rank  403  2 | J5677  559 [11, 5, 6, 7, 7] 225277
Rank  404  2 | J5Q35  841 [11, 5, 12, 3, 5] 339764
Rank  405  2 | J6288  710 [11, 6, 2, 8, 8] 287550
Rank  406  2 | J8A22  819 [11, 8, 1, 2, 2] 332514
Rank  407  2 | JTAJ7  227 [11, 10, 1, 11, 7] 92389
Rank  408  2 | JT27T  813 [11, 10, 2, 7, 10] 331704
Rank  409  2 | JTTQ5  907 [11, 10, 10, 12, 5] 370963
Rank  410  2 | JJ5T8  337 [11, 11, 5, 10, 8] 138170
Rank  411  2 | JQ866  448 [11, 12, 8, 6, 6] 184128
Rank  412  2 | JQ955   41 [11, 12, 9, 5, 5] 16892
Rank  413  2 | JQTQK  117 [11, 12, 10, 12, 13] 48321
Rank  414  2 | JK2T2  872 [11, 13, 2, 10, 2] 361008
Rank  415  2 | JK433  186 [11, 13, 4, 3, 3] 77190
Rank  416  2 | JK554  545 [11, 13, 5, 5, 4] 226720
Rank  417  2 | JK87J  864 [11, 13, 8, 7, 11] 360288
Rank  418  2 | QAQT5  918 [12, 1, 12, 10, 5] 383724
Rank  419  2 | Q2269  268 [12, 2, 2, 6, 9] 112292
Rank  420  2 | Q2646  596 [12, 2, 6, 4, 6] 250320
Rank  421  2 | Q2TAT  296 [12, 2, 10, 1, 10] 124616
Rank  422  2 | Q2JKQ  732 [12, 2, 11, 13, 12] 308904
Rank  423  2 | Q338J  843 [12, 3, 3, 8, 11] 356589
Rank  424  2 | Q3Q25  126 [12, 3, 12, 2, 5] 53424
Rank  425  2 | Q424K  291 [12, 4, 2, 4, 13] 123675
Rank  426  2 | Q525J  656 [12, 5, 2, 5, 11] 279456
Rank  427  2 | Q5T7T  733 [12, 5, 10, 7, 10] 312991
Rank  428  2 | Q6628  374 [12, 6, 6, 2, 8] 160072
Rank  429  2 | Q6865  470 [12, 6, 8, 6, 5] 201630
Rank  430  2 | Q73Q4  440 [12, 7, 3, 12, 4] 189200
Rank  431  2 | Q8A44  229 [12, 8, 1, 4, 4] 98699
Rank  432  2 | Q8535 1000 [12, 8, 5, 3, 5] 432000
Rank  433  2 | Q8Q29  775 [12, 8, 12, 2, 9] 335575
Rank  434  2 | Q9336  810 [12, 9, 3, 3, 6] 351540
Rank  435  2 | Q9Q5A  459 [12, 9, 12, 5, 1] 199665
Rank  436  2 | Q9K3Q  994 [12, 9, 13, 3, 12] 433384
Rank  437  2 | QT3T2  830 [12, 10, 3, 10, 2] 362710
Rank  438  2 | QT655  561 [12, 10, 6, 5, 5] 245718
Rank  439  2 | QJ3JA  979 [12, 11, 3, 11, 1] 429781
Rank  440  2 | QJ4Q9  549 [12, 11, 4, 12, 9] 241560
Rank  441  2 | QJ8TT   88 [12, 11, 8, 10, 10] 38808
Rank  442  2 | QQ758  492 [12, 12, 7, 5, 8] 217464
Rank  443  2 | QQK48  863 [12, 12, 13, 4, 8] 382309
Rank  444  2 | QK33T  336 [12, 13, 3, 3, 10] 149184
Rank  445  2 | QK3JQ  613 [12, 13, 3, 11, 12] 272785
Rank  446  2 | QK557  406 [12, 13, 5, 5, 7] 181076
Rank  447  2 | QK99J  985 [12, 13, 9, 9, 11] 440295
Rank  448  2 | QKQ7A  599 [12, 13, 12, 7, 1] 268352
Rank  449  2 | KAA4J   30 [13, 1, 1, 4, 11] 13470
Rank  450  2 | KAJ44  379 [13, 1, 11, 4, 4] 170550
Rank  451  2 | KAQQ3  636 [13, 1, 12, 12, 3] 286836
Rank  452  2 | K2J5K  338 [13, 2, 11, 5, 13] 152776
Rank  453  2 | K2JK3  853 [13, 2, 11, 13, 3] 386409
Rank  454  2 | K2K7T  761 [13, 2, 13, 7, 10] 345494
Rank  455  2 | K58JK  194 [13, 5, 8, 11, 13] 88270
Rank  456  2 | K5JK9  896 [13, 5, 11, 13, 9] 408576
Rank  457  2 | K6J55  521 [13, 6, 11, 5, 5] 238097
Rank  458  2 | K8525  565 [13, 8, 5, 2, 5] 258770
Rank  459  2 | K856K  154 [13, 8, 5, 6, 13] 70686
Rank  460  2 | K929T   78 [13, 9, 2, 9, 10] 35880
Rank  461  2 | K98J9  926 [13, 9, 8, 11, 9] 426886
Rank  462  2 | K9K4J  786 [13, 9, 13, 4, 11] 363132
Rank  463  2 | KJ4AK  924 [13, 11, 4, 1, 13] 427812
Rank  464  2 | KJK83  949 [13, 11, 13, 8, 3] 440336
Rank  465  2 | KK7QJ   76 [13, 13, 7, 12, 11] 35340
Rank  466  3 | AA338  620 [1, 1, 3, 3, 8] 288920
Rank  467  3 | AA599   84 [1, 1, 5, 9, 9] 39228
Rank  468  3 | A233A  937 [1, 2, 3, 3, 1] 438516
Rank  469  3 | A5TT5  313 [1, 5, 10, 10, 5] 146797
Rank  470  3 | A69A9  756 [1, 6, 9, 1, 9] 355320
Rank  471  3 | A979A  166 [1, 9, 7, 9, 1] 78186
Rank  472  3 | AT3AT  248 [1, 10, 3, 1, 10] 117056
Rank  473  3 | AJ3A3  944 [1, 11, 3, 1, 3] 446512
Rank  474  3 | 2A424  425 [2, 1, 4, 2, 4] 201450
Rank  475  3 | 224JJ  660 [2, 2, 4, 11, 11] 313500
Rank  476  3 | 22544   93 [2, 2, 5, 4, 4] 44268
Rank  477  3 | 22667  995 [2, 2, 6, 6, 7] 474615
Rank  478  3 | 22955  185 [2, 2, 9, 5, 5] 88430
Rank  479  3 | 23239  195 [2, 3, 2, 3, 9] 93405
Rank  480  3 | 23772  518 [2, 3, 7, 7, 2] 248640
Rank  481  3 | 25524  506 [2, 5, 5, 2, 4] 243386
Rank  482  3 | 26AA6  130 [2, 6, 1, 1, 6] 62660
Rank  483  3 | 272TT  941 [2, 7, 2, 10, 10] 454503
Rank  484  3 | 3A55A  604 [3, 1, 5, 5, 1] 292336
Rank  485  3 | 336J6  173 [3, 3, 6, 11, 6] 83905
Rank  486  3 | 33QKQ  405 [3, 3, 12, 13, 12] 196830
Rank  487  3 | 35357  861 [3, 5, 3, 5, 7] 419307
Rank  488  3 | 3535K  981 [3, 5, 3, 5, 13] 478728
Rank  489  3 | 35993  984 [3, 5, 9, 9, 3] 481176
Rank  490  3 | 36236  820 [3, 6, 2, 3, 6] 401800
Rank  491  3 | 36262  844 [3, 6, 2, 6, 2] 414404
Rank  492  3 | 36365  906 [3, 6, 3, 6, 5] 445752
Rank  493  3 | 37397  698 [3, 7, 3, 9, 7] 344114
Rank  494  3 | 373K7  485 [3, 7, 3, 13, 7] 239590
Rank  495  3 | 383A8   54 [3, 8, 3, 1, 8] 26730
Rank  496  3 | 39793  361 [3, 9, 7, 9, 3] 179056
Rank  497  3 | 3TT22  800 [3, 10, 10, 2, 2] 397600
Rank  498  3 | 3Q39Q   29 [3, 12, 3, 9, 12] 14442
Rank  499  3 | 3Q6Q6  638 [3, 12, 6, 12, 6] 318362
Rank  500  3 | 3KKAA  771 [3, 13, 13, 1, 1] 385500
Rank  501  3 | 42Q2Q  125 [4, 2, 12, 2, 12] 62625
Rank  502  3 | 44575  802 [4, 4, 5, 7, 5] 402604
Rank  503  3 | 44JJ8  365 [4, 4, 11, 11, 8] 183595
Rank  504  3 | 44KKJ   47 [4, 4, 13, 13, 11] 23688
Rank  505  3 | 499K4  961 [4, 9, 9, 13, 4] 485305
Rank  506  3 | 4TTJ4  147 [4, 10, 10, 11, 4] 74382
Rank  507  3 | 4QAA4  278 [4, 12, 1, 1, 4] 140946
Rank  508  3 | 5AKA5  703 [5, 1, 13, 1, 5] 357124
Rank  509  3 | 5252J  834 [5, 2, 5, 2, 11] 424506
Rank  510  3 | 52772  871 [5, 2, 7, 7, 2] 444210
Rank  511  3 | 53JJ3  317 [5, 3, 11, 11, 3] 161987
Rank  512  3 | 544AA  269 [5, 4, 4, 1, 1] 137728
Rank  513  3 | 544K5   42 [5, 4, 4, 13, 5] 21546
Rank  514  3 | 55A2A  879 [5, 5, 1, 2, 1] 451806
Rank  515  3 | 55322  175 [5, 5, 3, 2, 2] 90125
Rank  516  3 | 59T95   39 [5, 9, 10, 9, 5] 20124
Rank  517  3 | 5Q5Q4  885 [5, 12, 5, 12, 4] 457545
Rank  518  3 | 5QT5Q  897 [5, 12, 10, 5, 12] 464646
Rank  519  3 | 5K5K3  350 [5, 13, 5, 13, 3] 181650
Rank  520  3 | 5KK22  709 [5, 13, 13, 2, 2] 368680
Rank  521  3 | 6A6AK  160 [6, 1, 6, 1, 13] 83360
Rank  522  3 | 6226K  497 [6, 2, 2, 6, 13] 259434
Rank  523  3 | 65995  614 [6, 5, 9, 9, 5] 321122
Rank  524  3 | 66488  575 [6, 6, 4, 8, 8] 301300
Rank  525  3 | 68268  628 [6, 8, 2, 6, 8] 329700
Rank  526  3 | 686AA  442 [6, 8, 6, 1, 1] 232492
Rank  527  3 | 686JJ  793 [6, 8, 6, 11, 11] 417911
Rank  528  3 | 6T26T  916 [6, 10, 2, 6, 10] 483648
Rank  529  3 | 6T688  607 [6, 10, 6, 8, 8] 321103
Rank  530  3 | 6T6JT  790 [6, 10, 6, 11, 10] 418700
Rank  531  3 | 6T8T6  630 [6, 10, 8, 10, 6] 334530
Rank  532  3 | 6TKKT  616 [6, 10, 13, 13, 10] 327712
Rank  533  3 | 6Q886  661 [6, 12, 8, 8, 6] 352313
Rank  534  3 | 6Q8Q8  741 [6, 12, 8, 12, 8] 395694
Rank  535  3 | 6K63K  836 [6, 13, 6, 3, 13] 447260
Rank  536  3 | 6KK76  962 [6, 13, 13, 7, 6] 515632
Rank  537  3 | 7AA87  691 [7, 1, 1, 8, 7] 371067
Rank  538  3 | 7A337  865 [7, 1, 3, 3, 7] 465370
Rank  539  3 | 733TT  873 [7, 3, 3, 10, 10] 470547
Rank  540  3 | 733J7   12 [7, 3, 3, 11, 7] 6480
Rank  541  3 | 74676  821 [7, 4, 6, 7, 6] 444161
Rank  542  3 | 74979  925 [7, 4, 9, 7, 9] 501350
Rank  543  3 | 75795  370 [7, 5, 7, 9, 5] 200910
Rank  544  3 | 77833  671 [7, 7, 8, 3, 3] 365024
Rank  545  3 | 77883  645 [7, 7, 8, 8, 3] 351525
Rank  546  3 | 797J9  778 [7, 9, 7, 11, 9] 424788
Rank  547  3 | 7J7KK  344 [7, 11, 7, 13, 13] 188168
Rank  548  3 | 7J878  452 [7, 11, 8, 7, 8] 247696
Rank  549  3 | 7QQ7J  306 [7, 12, 12, 7, 11] 167994
Rank  550  3 | 7QK7Q  641 [7, 12, 13, 7, 12] 352550
Rank  551  3 | 7K227  708 [7, 13, 2, 2, 7] 390108
Rank  552  3 | 7KKT7  222 [7, 13, 13, 10, 7] 122544
Rank  553  3 | 8AAJJ  386 [8, 1, 1, 11, 11] 213458
Rank  554  3 | 8A6A8  803 [8, 1, 6, 1, 8] 444862
Rank  555  3 | 83382  764 [8, 3, 3, 8, 2] 424020
Rank  556  3 | 8585J  318 [8, 5, 8, 5, 11] 176808
Rank  557  3 | 85895  862 [8, 5, 8, 9, 5] 480134
Rank  558  3 | 88525  348 [8, 8, 5, 2, 5] 194184
Rank  559  3 | 8877Q  943 [8, 8, 7, 7, 12] 527137
Rank  560  3 | 88J22  494 [8, 8, 11, 2, 2] 276640
Rank  561  3 | 88KTK  469 [8, 8, 13, 10, 13] 263109
Rank  562  3 | 88KJK  275 [8, 8, 13, 11, 13] 154550
Rank  563  3 | 8T8TJ  828 [8, 10, 8, 10, 11] 466164
Rank  564  3 | 8J33J  157 [8, 11, 3, 3, 11] 88548
Rank  565  3 | 8JJ84  742 [8, 11, 11, 8, 4] 419230
Rank  566  3 | 8QKK8  928 [8, 12, 13, 13, 8] 525248
Rank  567  3 | 8K822  597 [8, 13, 8, 2, 2] 338499
Rank  568  3 | 9AKAK  375 [9, 1, 13, 1, 13] 213000
Rank  569  3 | 92955  214 [9, 2, 9, 5, 5] 121766
Rank  570  3 | 93693  458 [9, 3, 6, 9, 3] 261060
Rank  571  3 | 94559   65 [9, 4, 5, 5, 9] 37115
Rank  572  3 | 9559J  312 [9, 5, 5, 9, 11] 178464
Rank  573  3 | 98282  666 [9, 8, 2, 8, 2] 381618
Rank  574  3 | 98892  908 [9, 8, 8, 9, 2] 521192
Rank  575  3 | 98KK8  606 [9, 8, 13, 13, 8] 348450
Rank  576  3 | 99J6J   43 [9, 9, 11, 6, 11] 24768
Rank  577  3 | 99QJQ  705 [9, 9, 12, 11, 12] 406785
Rank  578  3 | 9J66J  889 [9, 11, 6, 6, 11] 513842
Rank  579  3 | 9QQK9  499 [9, 12, 12, 13, 9] 288921
Rank  580  3 | 9K933   10 [9, 13, 9, 3, 3] 5800
Rank  581  3 | 9KKA9  892 [9, 13, 13, 1, 9] 518252
Rank  582  3 | 9KKJ9  366 [9, 13, 13, 11, 9] 213012
Rank  583  3 | T2ATA  260 [10, 2, 1, 10, 1] 151580
Rank  584  3 | T2T44  581 [10, 2, 10, 4, 4] 339304
Rank  585  3 | T336T  266 [10, 3, 3, 6, 10] 155610
Rank  586  3 | T5AA5  200 [10, 5, 1, 1, 5] 117200
Rank  587  3 | T5335  796 [10, 5, 3, 3, 5] 467252
Rank  588  3 | T6T46  263 [10, 6, 10, 4, 6] 154644
Rank  589  3 | T8855  887 [10, 8, 8, 5, 5] 522443
Rank  590  3 | T8T48  112 [10, 8, 10, 4, 8] 66080
Rank  591  3 | TT335  301 [10, 10, 3, 3, 5] 177891
Rank  592  3 | TT422  923 [10, 10, 4, 2, 2] 546416
Rank  593  3 | TT77J  809 [10, 10, 7, 7, 11] 479737
Rank  594  3 | TTKK4  644 [10, 10, 13, 13, 4] 382536
Rank  595  3 | TJT9J  107 [10, 11, 10, 9, 11] 63665
Rank  596  3 | TQJQJ  669 [10, 12, 11, 12, 11] 398724
Rank  597  3 | JA2JA  345 [11, 1, 2, 11, 1] 205965
Rank  598  3 | JA55A  281 [11, 1, 5, 5, 1] 168038
Rank  599  3 | J226J  747 [11, 2, 2, 6, 11] 447453
Rank  600  3 | J22TJ    7 [11, 2, 2, 10, 11] 4200
Rank  601  3 | J37J3  467 [11, 3, 7, 11, 3] 280667
Rank  602  3 | J44TJ  874 [11, 4, 4, 10, 11] 526148
Rank  603  3 | J44KJ  282 [11, 4, 4, 13, 11] 170046
Rank  604  3 | J545J  876 [11, 5, 4, 5, 11] 529104
Rank  605  3 | J779J  878 [11, 7, 7, 9, 11] 531190
Rank  606  3 | J7J88  384 [11, 7, 11, 8, 8] 232704
Rank  607  3 | J8448  738 [11, 8, 4, 4, 8] 447966
Rank  608  3 | JT2T2  735 [11, 10, 2, 10, 2] 446880
Rank  609  3 | JT9T9  967 [11, 10, 9, 10, 9] 588903
Rank  610  3 | JTKKT  997 [11, 10, 13, 13, 10] 608170
Rank  611  3 | JJT2T  205 [11, 11, 10, 2, 10] 125255
Rank  612  3 | JJTTQ  629 [11, 11, 10, 10, 12] 384948
Rank  613  3 | JQQ3J  696 [11, 12, 12, 3, 11] 426648
Rank  614  3 | JK9JK  520 [11, 13, 9, 11, 13] 319280
Rank  615  3 | QAQJJ  224 [12, 1, 12, 11, 11] 137760
Rank  616  3 | Q2Q2J  380 [12, 2, 12, 2, 11] 234080
Rank  617  3 | Q4Q4K  857 [12, 4, 12, 4, 13] 528769
Rank  618  3 | Q73Q7    6 [12, 7, 3, 12, 7] 3708
Rank  619  3 | Q77Q5  310 [12, 7, 7, 12, 5] 191890
Rank  620  3 | Q8JQ8  801 [12, 8, 11, 12, 8] 496620
Rank  621  3 | Q9292  758 [12, 9, 2, 9, 2] 470718
Rank  622  3 | QQAKA  507 [12, 12, 1, 13, 1] 315354
Rank  623  3 | QQ3TT  646 [12, 12, 3, 10, 10] 402458
Rank  624  3 | QQ644  198 [12, 12, 6, 4, 4] 123552
Rank  625  3 | QQTT2  594 [12, 12, 10, 10, 2] 371250
Rank  626  3 | QKJQK  235 [12, 13, 11, 12, 13] 147110
Rank  627  3 | KAJAK  527 [13, 1, 11, 1, 13] 330429
Rank  628  3 | K2TKT  783 [13, 2, 10, 13, 10] 491724
Rank  629  3 | K2K92  456 [13, 2, 13, 9, 2] 286824
Rank  630  3 | K3K63  288 [13, 3, 13, 6, 3] 181440
Rank  631  3 | K454K  108 [13, 4, 5, 4, 13] 68148
Rank  632  3 | K5QQ5   66 [13, 5, 12, 12, 5] 41712
Rank  633  3 | K688K  285 [13, 6, 8, 8, 13] 180405
Rank  634  3 | KT77T  463 [13, 10, 7, 7, 10] 293542
Rank  635  3 | KTTK3  414 [13, 10, 10, 13, 3] 262890
Rank  636  3 | KJ33K  423 [13, 11, 3, 3, 13] 269028
Rank  637  3 | KJJ33  621 [13, 11, 11, 3, 3] 395577
Rank  638  3 | KQ6KQ  438 [13, 12, 6, 13, 12] 279444
Rank  639  3 | KK99Q  431 [13, 13, 9, 9, 12] 275409
Rank  640  8 | AAA98  650 [1, 1, 1, 9, 8] 416000
Rank  641  8 | AA28A  439 [1, 1, 2, 8, 1] 281399
Rank  642  8 | AA4TA  116 [1, 1, 4, 10, 1] 74472
Rank  643  8 | AAQA7  797 [1, 1, 12, 1, 7] 512471
Rank  644  8 | A3353   31 [1, 3, 3, 5, 3] 19964
Rank  645  8 | A4449  579 [1, 4, 4, 4, 9] 373455
Rank  646  8 | A53AA  770 [1, 5, 3, 1, 1] 497420
Rank  647  8 | A555J  279 [1, 5, 5, 5, 11] 180513
Rank  648  8 | A6444  715 [1, 6, 4, 4, 4] 463320
Rank  649  8 | AJAA3  378 [1, 11, 1, 1, 3] 245322
Rank  650  8 | AJA5A  315 [1, 11, 1, 5, 1] 204750
Rank  651  8 | AJQAA  202 [1, 11, 12, 1, 1] 131502
Rank  652  8 | AK4KK  784 [1, 13, 4, 13, 13] 511168
Rank  653  8 | 2A522  297 [2, 1, 5, 2, 2] 193941
Rank  654  8 | 2A622  973 [2, 1, 6, 2, 2] 636342
Rank  655  8 | 22A28   96 [2, 2, 1, 2, 8] 62880
Rank  656  8 | 2225T  983 [2, 2, 2, 5, 10] 644848
Rank  657  8 | 22284  236 [2, 2, 2, 8, 4] 155052
Rank  658  8 | 229A2  744 [2, 2, 9, 1, 2] 489552
Rank  659  8 | 22JT2  990 [2, 2, 11, 10, 2] 652410
Rank  660  8 | 2333A  142 [2, 3, 3, 3, 1] 93720
Rank  661  8 | 23777  237 [2, 3, 7, 7, 7] 156657
Rank  662  8 | 24344  649 [2, 4, 3, 4, 4] 429638
Rank  663  8 | 24TTT  681 [2, 4, 10, 10, 10] 451503
Rank  664  8 | 25554  748 [2, 5, 5, 5, 4] 496672
Rank  665  8 | 2622Q  591 [2, 6, 2, 2, 12] 393015
Rank  666  8 | 266A6   75 [2, 6, 6, 1, 6] 49950
Rank  667  8 | 27225  619 [2, 7, 2, 2, 5] 412873
Rank  668  8 | 2J229  495 [2, 11, 2, 2, 9] 330660
Rank  669  8 | 2J232  639 [2, 11, 2, 3, 2] 427491
Rank  670  8 | 3A777  277 [3, 1, 7, 7, 7] 185590
Rank  671  8 | 32522  330 [3, 2, 5, 2, 2] 221430
Rank  672  8 | 32K33  560 [3, 2, 13, 3, 3] 376320
Rank  673  8 | 332J3  729 [3, 3, 2, 11, 3] 490617
Rank  674  8 | 3334Q  687 [3, 3, 3, 4, 12] 463038
Rank  675  8 | 33753  538 [3, 3, 7, 5, 3] 363150
Rank  676  8 | 33832  149 [3, 3, 8, 3, 2] 100724
Rank  677  8 | 3393Q  868 [3, 3, 9, 3, 12] 587636
Rank  678  8 | 33J63  349 [3, 3, 11, 6, 3] 236622
Rank  679  8 | 33J73  635 [3, 3, 11, 7, 3] 431165
Rank  680  8 | 353T3  974 [3, 5, 3, 10, 3] 662320
Rank  681  8 | 35565  203 [3, 5, 5, 6, 5] 138243
Rank  682  8 | 3J833  922 [3, 11, 8, 3, 3] 628804
Rank  683  8 | 434T4  525 [4, 3, 4, 10, 4] 358575
Rank  684  8 | 445A4  677 [4, 4, 5, 1, 4] 463068
Rank  685  8 | 449Q4  505 [4, 4, 9, 12, 4] 345925
Rank  686  8 | 44J48  412 [4, 4, 11, 4, 8] 282632
Rank  687  8 | 44K4J  654 [4, 4, 13, 4, 11] 449298
Rank  688  8 | 47Q77  555 [4, 7, 12, 7, 7] 381840
Rank  689  8 | 484T4   35 [4, 8, 4, 10, 4] 24115
Rank  690  8 | 4T4J4  131 [4, 10, 4, 11, 4] 90390
Rank  691  8 | 4J644  689 [4, 11, 6, 4, 4] 476099
Rank  692  8 | 4QQ6Q   63 [4, 12, 12, 6, 12] 43596
Rank  693  8 | 5AAA2  816 [5, 1, 1, 1, 2] 565488
Rank  694  8 | 5A565  902 [5, 1, 5, 6, 5] 625988
Rank  695  8 | 5A666  537 [5, 1, 6, 6, 6] 373215
Rank  696  8 | 55A53  319 [5, 5, 1, 5, 3] 222024
Rank  697  8 | 55K45  880 [5, 5, 13, 4, 5] 613360
Rank  698  8 | 5T455   68 [5, 10, 4, 5, 5] 47464
Rank  699  8 | 5TTT7  528 [5, 10, 10, 10, 7] 369072
Rank  700  8 | 5J556  491 [5, 11, 5, 5, 6] 343700
Rank  701  8 | 5J55T  139 [5, 11, 5, 5, 10] 97439
Rank  702  8 | 5Q888  357 [5, 12, 8, 8, 8] 250614
Rank  703  8 | 6AAA3  955 [6, 1, 1, 1, 3] 671365
Rank  704  8 | 66356  106 [6, 6, 3, 5, 6] 74624
Rank  705  8 | 666A9  311 [6, 6, 6, 1, 9] 219255
Rank  706  8 | 66654  963 [6, 6, 6, 5, 4] 679878
Rank  707  8 | 66689  355 [6, 6, 6, 8, 9] 250985
Rank  708  8 | 666J8  475 [6, 6, 6, 11, 8] 336300
Rank  709  8 | 66J63  247 [6, 6, 11, 6, 3] 175123
Rank  710  8 | 67626  267 [6, 7, 6, 2, 6] 189570
Rank  711  8 | 676K6  436 [6, 7, 6, 13, 6] 309996
Rank  712  8 | 6966J  667 [6, 9, 6, 6, 11] 474904
Rank  713  8 | 696K6  393 [6, 9, 6, 13, 6] 280209
Rank  714  8 | 69799  676 [6, 9, 7, 9, 9] 482664
Rank  715  8 | 6999J  609 [6, 9, 9, 9, 11] 435435
Rank  716  8 | 6T6Q6  468 [6, 10, 6, 12, 6] 335088
Rank  717  8 | 6KQKK  178 [6, 13, 12, 13, 13] 127626
Rank  718  8 | 733A3  673 [7, 3, 3, 1, 3] 483214
Rank  719  8 | 74644  517 [7, 4, 6, 4, 4] 371723
Rank  720  8 | 74773  980 [7, 4, 7, 7, 3] 705600
Rank  721  8 | 767Q7  531 [7, 6, 7, 12, 7] 382851
Rank  722  8 | 777A8  502 [7, 7, 7, 1, 8] 362444
Rank  723  8 | 777T3  595 [7, 7, 7, 10, 3] 430185
Rank  724  8 | 777JT  785 [7, 7, 7, 11, 10] 568340
Rank  725  8 | 77978  453 [7, 7, 9, 7, 8] 328425
Rank  726  8 | 77J97  476 [7, 7, 11, 9, 7] 345576
Rank  727  8 | 77K76  684 [7, 7, 13, 7, 6] 497268
Rank  728  8 | 78828  603 [7, 8, 8, 2, 8] 438984
Rank  729  8 | 7888T  877 [7, 8, 8, 8, 10] 639333
Rank  730  8 | 7TT3T  515 [7, 10, 10, 3, 10] 375950
Rank  731  8 | 7TT9T  426 [7, 10, 10, 9, 10] 311406
Rank  732  8 | 7JA77  447 [7, 11, 1, 7, 7] 327204
Rank  733  8 | 7JK77  779 [7, 11, 13, 7, 7] 571007
Rank  734  8 | 7KKKT  221 [7, 13, 13, 13, 10] 162214
Rank  735  8 | 83336  766 [8, 3, 3, 3, 6] 563010
Rank  736  8 | 83733  110 [8, 3, 7, 3, 3] 80960
Rank  737  8 | 83988  192 [8, 3, 9, 8, 8] 141504
Rank  738  8 | 8488J  482 [8, 4, 8, 8, 11] 355716
Rank  739  8 | 888A3  835 [8, 8, 8, 1, 3] 617065
Rank  740  8 | 8883J  651 [8, 8, 8, 3, 11] 481740
Rank  741  8 | 88JQ8  145 [8, 8, 11, 12, 8] 107445
Rank  742  8 | 88Q28  225 [8, 8, 12, 2, 8] 166950
Rank  743  8 | 8T88A  589 [8, 10, 8, 8, 1] 437627
Rank  744  8 | 8KK7K  284 [8, 13, 13, 7, 13] 211296
Rank  745  8 | 92333  422 [9, 2, 3, 3, 3] 314390
Rank  746  8 | 92722   59 [9, 2, 7, 2, 2] 44014
Rank  747  8 | 92959  993 [9, 2, 9, 5, 9] 741771
Rank  748  8 | 969T9  869 [9, 6, 9, 10, 9] 650012
Rank  749  8 | 98488  208 [9, 8, 4, 8, 8] 155792
Rank  750  8 | 98T99  956 [9, 8, 10, 9, 9] 717000
Rank  751  8 | 99298  402 [9, 9, 2, 9, 8] 301902
Rank  752  8 | 9949Q  424 [9, 9, 4, 9, 12] 318848
Rank  753  8 | 997J9  986 [9, 9, 7, 11, 9] 742458
Rank  754  8 | 99957  250 [9, 9, 9, 5, 7] 188500
Rank  755  8 | 999J2  540 [9, 9, 9, 11, 2] 407700
Rank  756  8 | 9JKJJ  824 [9, 11, 13, 11, 11] 622944
Rank  757  8 | 9QQQA  746 [9, 12, 12, 12, 1] 564722
Rank  758  8 | 9K8KK  780 [9, 13, 8, 13, 13] 591240
Rank  759  8 | TA8TT   53 [10, 1, 8, 10, 10] 40227
Rank  760  8 | T6668  259 [10, 6, 6, 6, 8] 196840
Rank  761  8 | T6K66   11 [10, 6, 13, 6, 6] 8371
Rank  762  8 | T9ATT  648 [10, 9, 1, 10, 10] 493776
Rank  763  8 | TTAJT   89 [10, 10, 1, 11, 10] 67907
Rank  764  8 | TTT9J  286 [10, 10, 10, 9, 11] 218504
Rank  765  8 | TJ5TT  501 [10, 11, 5, 10, 10] 383265
Rank  766  8 | TJTT6  682 [10, 11, 10, 10, 6] 522412
Rank  767  8 | J3TTT  238 [11, 3, 10, 10, 10] 182546
Rank  768  8 | J4555  183 [11, 4, 5, 5, 5] 140544
Rank  769  8 | J4999  700 [11, 4, 9, 9, 9] 538300
Rank  770  8 | J7377  276 [11, 7, 3, 7, 7] 212520
Rank  771  8 | J9Q99  153 [11, 9, 12, 9, 9] 117963
Rank  772  8 | JT888  309 [11, 10, 8, 8, 8] 238548
Rank  773  8 | JJ5J6  725 [11, 11, 5, 11, 6] 560425
Rank  774  8 | QA4AA   57 [12, 1, 4, 1, 1] 44118
Rank  775  8 | QAQQ8  189 [12, 1, 12, 12, 8] 146475
Rank  776  8 | Q222A  371 [12, 2, 2, 2, 1] 287896
Rank  777  8 | Q333A  695 [12, 3, 3, 3, 1] 540015
Rank  778  8 | Q5666  123 [12, 5, 6, 6, 6] 95694
Rank  779  8 | QJQTQ  959 [12, 11, 12, 10, 12] 747061
Rank  780  8 | QJQQ7  152 [12, 11, 12, 12, 7] 118560
Rank  781  8 | QQA6Q   73 [12, 12, 1, 6, 12] 57013
Rank  782  8 | QQ2KQ  554 [12, 12, 2, 13, 12] 433228
Rank  783  8 | QQ36Q  403 [12, 12, 3, 6, 12] 315549
Rank  784  8 | QQ5JQ  333 [12, 12, 5, 11, 12] 261072
Rank  785  8 | QQ5Q2  664 [12, 12, 5, 12, 2] 521240
Rank  786  8 | QKTQQ  913 [12, 13, 10, 12, 12] 717618
Rank  787  8 | QKJQQ  193 [12, 13, 11, 12, 12] 151891
Rank  788  8 | KA666  571 [13, 1, 6, 6, 6] 449948
Rank  789  8 | KAKKJ  526 [13, 1, 13, 13, 11] 415014
Rank  790  8 | K2225  257 [13, 2, 2, 2, 5] 203030
Rank  791  8 | K5KK8  316 [13, 5, 13, 13, 8] 249956
Rank  792  8 | K6656  417 [13, 6, 6, 5, 6] 330264
Rank  793  8 | K7JKK  563 [13, 7, 11, 13, 13] 446459
Rank  794  8 | KJ999  633 [13, 11, 9, 9, 9] 502602
Rank  795  8 | KJTTT  731 [13, 11, 10, 10, 10] 581145
Rank  796  8 | KJJ7J  558 [13, 11, 11, 7, 11] 444168
Rank  797  8 | KJK8K  449 [13, 11, 13, 8, 13] 357853
Rank  798  8 | KQ8KK  807 [13, 12, 8, 13, 13] 643986
Rank  799  8 | KQ9QQ  219 [13, 12, 9, 12, 12] 174981
Rank  800  8 | KQQ7Q  837 [13, 12, 12, 7, 12] 669600
Rank  801  8 | KKK48  585 [13, 13, 13, 4, 8] 468585
Rank  802  8 | KKK5J   38 [13, 13, 13, 5, 11] 30476
Rank  803  8 | KKK6J  781 [13, 13, 13, 6, 11] 627143
Rank  804  9 | AAA66   83 [1, 1, 1, 6, 6] 66732
Rank  805  9 | AA2A2   99 [1, 1, 2, 1, 2] 79695
Rank  806  9 | AA77A  849 [1, 1, 7, 7, 1] 684294
Rank  807  9 | AA88A  653 [1, 1, 8, 8, 1] 526971
Rank  808  9 | AA99A  605 [1, 1, 9, 9, 1] 488840
Rank  809  9 | AATAT  161 [1, 1, 10, 1, 10] 130249
Rank  810  9 | AAKAK  952 [1, 1, 13, 1, 13] 771120
Rank  811  9 | A3AA3  798 [1, 3, 1, 1, 3] 647178
Rank  812  9 | A5A5A  846 [1, 5, 1, 5, 1] 686952
Rank  813  9 | AJJAA  464 [1, 11, 11, 1, 1] 377232
Rank  814  9 | AJJAJ  977 [1, 11, 11, 1, 11] 795278
Rank  815  9 | AQQQA  823 [1, 12, 12, 12, 1] 670745
Rank  816  9 | 22555  842 [2, 2, 5, 5, 5] 687072
Rank  817  9 | 22882  577 [2, 2, 8, 8, 2] 471409
Rank  818  9 | 22TT2  550 [2, 2, 10, 10, 2] 449900
Rank  819  9 | 22JJJ  334 [2, 2, 11, 11, 11] 273546
Rank  820  9 | 22QQ2  234 [2, 2, 12, 12, 2] 191880
Rank  821  9 | 22KK2  713 [2, 2, 13, 13, 2] 585373
Rank  822  9 | 24224  707 [2, 4, 2, 2, 4] 581154
Rank  823  9 | 27722  360 [2, 7, 7, 2, 2] 296280
Rank  824  9 | 27727   62 [2, 7, 7, 2, 7] 51088
Rank  825  9 | 33232  570 [3, 3, 2, 3, 2] 470250
Rank  826  9 | 33344   94 [3, 3, 3, 4, 4] 77644
Rank  827  9 | 33399  353 [3, 3, 3, 9, 9] 291931
Rank  828  9 | 333TT  359 [3, 3, 3, 10, 10] 297252
Rank  829  9 | 35355  789 [3, 5, 3, 5, 5] 654081
Rank  830  9 | 37733  450 [3, 7, 7, 3, 3] 373500
Rank  831  9 | 38338  723 [3, 8, 3, 3, 8] 600813
Rank  832  9 | 38883  231 [3, 8, 8, 8, 3] 192192
Rank  833  9 | 39939  427 [3, 9, 9, 3, 9] 355691
Rank  834  9 | 42442  592 [4, 2, 4, 4, 2] 493728
Rank  835  9 | 43344  209 [4, 3, 3, 4, 4] 174515
Rank  836  9 | 44JJJ  850 [4, 4, 11, 11, 11] 710600
Rank  837  9 | 44KK4   97 [4, 4, 13, 13, 4] 81189
Rank  838  9 | 45544  909 [4, 5, 5, 4, 4] 761742
Rank  839  9 | 46446  825 [4, 6, 4, 4, 6] 692175
Rank  840  9 | 47477  419 [4, 7, 4, 7, 7] 351960
Rank  841  9 | 49494  483 [4, 9, 4, 9, 4] 406203
Rank  842  9 | 4QQQ4  721 [4, 12, 12, 12, 4] 607082
Rank  843  9 | 4KKK4  325 [4, 13, 13, 13, 4] 273975
Rank  844  9 | 52522  102 [5, 2, 5, 2, 2] 86088
Rank  845  9 | 55AA5  321 [5, 5, 1, 1, 5] 271245
Rank  846  9 | 55454  755 [5, 5, 4, 5, 4] 638730
Rank  847  9 | 57757  323 [5, 7, 7, 5, 7] 273581
Rank  848  9 | 58585  539 [5, 8, 5, 8, 5] 457072
Rank  849  9 | 5T5T5  308 [5, 10, 5, 10, 5] 261492
Rank  850  9 | 5J55J  736 [5, 11, 5, 5, 11] 625600
Rank  851  9 | 5Q5Q5  280 [5, 12, 5, 12, 5] 238280
Rank  852  9 | 62626  223 [6, 2, 6, 2, 6] 189996
Rank  853  9 | 66333  615 [6, 6, 3, 3, 3] 524595
Rank  854  9 | 66446   72 [6, 6, 4, 4, 6] 61488
Rank  855  9 | 66688  690 [6, 6, 6, 8, 8] 589950
Rank  856  9 | 66KK6  543 [6, 6, 13, 13, 6] 464808
Rank  857  9 | 67677  931 [6, 7, 6, 7, 7] 797867
Rank  858  9 | 69699   25 [6, 9, 6, 9, 9] 21450
Rank  859  9 | 6TT66  385 [6, 10, 10, 6, 6] 330715
Rank  860  9 | 7A77A  623 [7, 1, 7, 7, 1] 535780
Rank  861  9 | 73737  390 [7, 3, 7, 3, 7] 335790
Rank  862  9 | 74447  184 [7, 4, 4, 4, 7] 158608
Rank  863  9 | 77999  441 [7, 7, 9, 9, 9] 380583
Rank  864  9 | 79779  274 [7, 9, 7, 7, 9] 236736
Rank  865  9 | 7TT77  743 [7, 10, 10, 7, 7] 642695
Rank  866  9 | 7J77J  409 [7, 11, 7, 7, 11] 354194
Rank  867  9 | 7Q7Q7  410 [7, 12, 7, 12, 7] 355470
Rank  868  9 | 7KK77  590 [7, 13, 13, 7, 7] 512120
Rank  869  9 | 7KKK7  582 [7, 13, 13, 13, 7] 505758
Rank  870  9 | 8A88A  351 [8, 1, 8, 8, 1] 305370
Rank  871  9 | 84844  806 [8, 4, 8, 4, 4] 702026
Rank  872  9 | 85885  289 [8, 5, 8, 8, 5] 252008
Rank  873  9 | 87778  946 [8, 7, 7, 7, 8] 825858
Rank  874  9 | 88J8J  914 [8, 8, 11, 8, 11] 798836
Rank  875  9 | 8JJJ8  765 [8, 11, 11, 11, 8] 669375
Rank  876  9 | 8K8K8  188 [8, 13, 8, 13, 8] 164688
Rank  877  9 | 92229   92 [9, 2, 2, 2, 9] 80684
Rank  878  9 | 92929  217 [9, 2, 9, 2, 9] 190526
Rank  879  9 | 95595  529 [9, 5, 5, 9, 5] 464991
Rank  880  9 | 99988  659 [9, 9, 9, 8, 8] 579920
Rank  881  9 | 9Q9QQ  972 [9, 12, 9, 12, 12] 856332
Rank  882  9 | 9K99K  832 [9, 13, 9, 9, 13] 733824
Rank  883  9 | T7TT7  493 [10, 7, 10, 10, 7] 435319
Rank  884  9 | T8T88    3 [10, 8, 10, 8, 8] 2652
Rank  885  9 | T9T99  817 [10, 9, 10, 9, 9] 723045
Rank  886  9 | T9T9T  965 [10, 9, 10, 9, 10] 854990
Rank  887  9 | TTTAA  578 [10, 10, 10, 1, 1] 512686
Rank  888  9 | TTJJT  737 [10, 10, 11, 11, 10] 654456
Rank  889  9 | J22J2   48 [11, 2, 2, 11, 2] 42672
Rank  890  9 | J333J  510 [11, 3, 3, 3, 11] 453900
Rank  891  9 | J5JJ5  886 [11, 5, 11, 11, 5] 789426
Rank  892  9 | JJ999  881 [11, 11, 9, 9, 9] 785852
Rank  893  9 | JJJKK  882 [11, 11, 11, 13, 13] 787626
Rank  894  9 | JJKKK  329 [11, 11, 13, 13, 13] 294126
Rank  895  9 | Q77QQ  271 [12, 7, 7, 12, 12] 242545
Rank  896  9 | Q8QQ8  564 [12, 8, 12, 12, 8] 505344
Rank  897  9 | Q999Q  718 [12, 9, 9, 9, 12] 644046
Rank  898  9 | QTQTQ  971 [12, 10, 12, 10, 12] 871958
Rank  899  9 | QJJQQ  408 [12, 11, 11, 12, 12] 366792
Rank  900  9 | QQ5Q5  243 [12, 12, 5, 12, 5] 218700
Rank  901  9 | QQ6Q6  680 [12, 12, 6, 12, 6] 612680
Rank  902  9 | KAKKA  903 [13, 1, 13, 13, 1] 814506
Rank  903  9 | K2KK2  401 [13, 2, 13, 13, 2] 362103
Rank  904  9 | KTTKT  391 [13, 10, 10, 13, 10] 353464
Rank  905  9 | KTTKK    1 [13, 10, 10, 13, 13] 905
Rank  906  9 | KQKKQ   40 [13, 12, 13, 13, 12] 36240
Rank  907  9 | KKK55  754 [13, 13, 13, 5, 5] 683878
Rank  908 10 | AAAA2  181 [1, 1, 1, 1, 2] 164348
Rank  909 10 | AAAAT  572 [1, 1, 1, 1, 10] 519948
Rank  910 10 | AAAAJ  992 [1, 1, 1, 1, 11] 902720
Rank  911 10 | AAAKA  144 [1, 1, 1, 13, 1] 131184
Rank  912 10 | AA3AA  364 [1, 1, 3, 1, 1] 331968
Rank  913 10 | AA7AA   91 [1, 1, 7, 1, 1] 83083
Rank  914 10 | A6AAA  307 [1, 6, 1, 1, 1] 280598
Rank  915 10 | AQQQQ  632 [1, 12, 12, 12, 12] 578280
Rank  916 10 | 2222A   45 [2, 2, 2, 2, 1] 41220
Rank  917 10 | 22225   34 [2, 2, 2, 2, 5] 31178
Rank  918 10 | 22226  776 [2, 2, 2, 2, 6] 712368
Rank  919 10 | 2222T   87 [2, 2, 2, 2, 10] 79953
Rank  920 10 | 2222J   49 [2, 2, 2, 2, 11] 45080
Rank  921 10 | 222K2  652 [2, 2, 2, 13, 2] 600492
Rank  922 10 | 23333  847 [2, 3, 3, 3, 3] 780934
Rank  923 10 | 27222  643 [2, 7, 2, 2, 2] 593489
Rank  924 10 | 29222  866 [2, 9, 2, 2, 2] 800184
Rank  925 10 | 2Q222  148 [2, 12, 2, 2, 2] 136900
Rank  926 10 | 32222  587 [3, 2, 2, 2, 2] 543562
Rank  927 10 | 333J3  917 [3, 3, 3, 11, 3] 850059
Rank  928 10 | 37333  465 [3, 7, 3, 3, 3] 431520
Rank  929 10 | 38888  232 [3, 8, 8, 8, 8] 215528
Rank  930 10 | 3T333  103 [3, 10, 3, 3, 3] 95790
Rank  931 10 | 44344   14 [4, 4, 3, 4, 4] 13034
Rank  932 10 | 444A4  101 [4, 4, 4, 1, 4] 94132
Rank  933 10 | 4444T  726 [4, 4, 4, 4, 10] 677358
Rank  934 10 | 44844  435 [4, 4, 8, 4, 4] 406290
Rank  935 10 | 4J444   90 [4, 11, 4, 4, 4] 84150
Rank  936 10 | 555A5  760 [5, 5, 5, 1, 5] 711360
Rank  937 10 | 55545  626 [5, 5, 5, 4, 5] 586562
Rank  938 10 | 55553  533 [5, 5, 5, 5, 3] 499954
Rank  939 10 | 55559    2 [5, 5, 5, 5, 9] 1878
Rank  940 10 | 5555T  912 [5, 5, 5, 5, 10] 857280
Rank  941 10 | 555K5  265 [5, 5, 5, 13, 5] 249365
Rank  942 10 | 5J555  164 [5, 11, 5, 5, 5] 154488
Rank  943 10 | 5QQQQ  129 [5, 12, 12, 12, 12] 121647
Rank  944 10 | 66366  120 [6, 6, 3, 6, 6] 113280
Rank  945 10 | 666A6  693 [6, 6, 6, 1, 6] 654885
Rank  946 10 | 6666J  557 [6, 6, 6, 6, 11] 526922
Rank  947 10 | 6666K  999 [6, 6, 6, 6, 13] 946053
Rank  948 10 | 66686  940 [6, 6, 6, 8, 6] 891120
Rank  949 10 | 666T6  133 [6, 6, 6, 10, 6] 126217
Rank  950 10 | 69666  472 [6, 9, 6, 6, 6] 448400
Rank  951 10 | 74777  854 [7, 4, 7, 7, 7] 812154
Rank  952 10 | 76666  141 [7, 6, 6, 6, 6] 134232
Rank  953 10 | 77277  915 [7, 7, 2, 7, 7] 871995
Rank  954 10 | 77737  978 [7, 7, 7, 3, 7] 933012
Rank  955 10 | 77757  150 [7, 7, 7, 5, 7] 143250
Rank  956 10 | 7777A  293 [7, 7, 7, 7, 1] 280108
Rank  957 10 | 77776  404 [7, 7, 7, 7, 6] 386628
Rank  958 10 | 7777T  759 [7, 7, 7, 7, 10] 727122
Rank  959 10 | 77787   82 [7, 7, 7, 8, 7] 78638
Rank  960 10 | 7TTTT  519 [7, 10, 10, 10, 10] 498240
Rank  961 10 | 7K777   77 [7, 13, 7, 7, 7] 73997
Rank  962 10 | 8AAAA  372 [8, 1, 1, 1, 1] 357864
Rank  963 10 | 83333  567 [8, 3, 3, 3, 3] 546021
Rank  964 10 | 888A8  134 [8, 8, 8, 1, 8] 129176
Rank  965 10 | 88848  252 [8, 8, 8, 4, 8] 243180
Rank  966 10 | 88868  536 [8, 8, 8, 6, 8] 517776
Rank  967 10 | 88K88  508 [8, 8, 13, 8, 8] 491236
Rank  968 10 | 9AAAA  541 [9, 1, 1, 1, 1] 523688
Rank  969 10 | 99A99  314 [9, 9, 1, 9, 9] 304266
Rank  970 10 | 99499  420 [9, 9, 4, 9, 9] 407400
Rank  971 10 | 99939  454 [9, 9, 9, 3, 9] 440834
Rank  972 10 | 99979  399 [9, 9, 9, 7, 9] 387828
Rank  973 10 | 999J9   61 [9, 9, 9, 11, 9] 59353
Rank  974 10 | 9Q999  124 [9, 12, 9, 9, 9] 120776
Rank  975 10 | T9999  305 [10, 9, 9, 9, 9] 297375
Rank  976 10 | TT5TT   20 [10, 10, 5, 10, 10] 19520
Rank  977 10 | TTT2T  512 [10, 10, 10, 2, 10] 500224
Rank  978 10 | TTT6T  207 [10, 10, 10, 6, 10] 202446
Rank  979 10 | TTT9T  901 [10, 10, 10, 9, 10] 882079
Rank  980 10 | TTTT4  201 [10, 10, 10, 10, 4] 196980
Rank  981 10 | TTTQT  548 [10, 10, 10, 12, 10] 537588
Rank  982 10 | TTJTT  601 [10, 10, 11, 10, 10] 590182
Rank  983 10 | J7777  302 [11, 7, 7, 7, 7] 296866
Rank  984 10 | J8888  602 [11, 8, 8, 8, 8] 592368
Rank  985 10 | J8JJJ  982 [11, 8, 11, 11, 11] 967270
Rank  986 10 | QQ2QQ  553 [12, 12, 2, 12, 12] 545258
Rank  987 10 | QQ3QQ  685 [12, 12, 3, 12, 12] 676095
Rank  988 10 | QQJQQ  728 [12, 12, 11, 12, 12] 719264
Rank  989 10 | QQQ7Q  739 [12, 12, 12, 7, 12] 730871
Rank  990 10 | QQQTQ  196 [12, 12, 12, 10, 12] 194040
Rank  991 10 | QQQQ4  618 [12, 12, 12, 12, 4] 612438
Rank  992 10 | KQKKK  226 [13, 12, 13, 13, 13] 224192
Rank  993 10 | KK3KK  213 [13, 13, 3, 13, 13] 211509
Rank  994 10 | KK4KK  479 [13, 13, 4, 13, 13] 476126
Rank  995 10 | KKJKK  674 [13, 13, 11, 13, 13] 670630
Rank  996 10 | KKK6K  455 [13, 13, 13, 6, 13] 453180
Rank  997 10 | KKK7K  522 [13, 13, 13, 7, 13] 520434
Rank  998 10 | KKKK5   19 [13, 13, 13, 13, 5] 18962
Rank  999 10 | KKKK9  950 [13, 13, 13, 13, 9] 949050
Rank 1000 11 | JJJJJ  270 [11, 11, 11, 11, 11] 270000